999999999999999999999999999999999999999999999999999999999999999999999999999999999999999999999999999999
998765432987656989567895456789921039765459763236789109978798764321236797653235678946794349876545965219
979987891298549875456976587897892129854397654545678998765689765690124898742127799435989299766539874329
964298989349434964345897698946589249769298987656799699653456987989234569764335678924569987654321965439
952109878998749876456789799435478959898999898987893578932345999878946789865476789013498998965639876569
943298967987657976578899896521267899987989679998999699543459898767899897976987893164987669878545987879
954987556798767989689976996430156789876767598999998989659598789658789976498998999979876542989766898989
979878346569978998789765789321237899985457457999987878998987678545679987989659698989997431099877899999
998963213456989989899654895434569998676232345678976767897898543434567999876543587992986543123988989899
987654302349999876978967896545678999543101234569985457856789632125678989921012456901297964534799879789
976543213458999865769979998767789789654212365678954312347896543456789578952127677892989878945678966699
997855324567997654349896439879895698776543458789765443456987654567895489543298789999877989798789754569
998767437679876543236799321989954769887654569899876554668998967878912397654349899898656796549897643679
909998998789987432125678939996743656999865678989987678778949498989626789866767998786545899434998764589
919899989899876545014578998765432347998976799878598789889432349998534678978978998677234578923989765679
998798679910998652123457899896561257896498998765459899996543459987656799989989876540123499109879879899
987687566899876543234568972987432398912349897655345978987987598798767895699899986321345989298765990969
986533445789998657845879763499943459101998789645234567899298987649878934989779875452459879999654321459
965421234697649868956789654998799668999898678932123456989399876534989029878567987679598769899965432349
977520567789534978987898789877698999987676569891012345678987654324599198765456898789987856789896545469
998541457891012989898999898765457689896545456799143489789976543213478987654347999896796545456789656879
975432369932123498789989987654324598765432345678955678894598654324569876543239889954987632345898967899
976547478945234987678979996543213459987691026789769889923989995457678997654998678943099821234567899999
987656789656549766544568998652102367998989935899878991019879789969889798769876589892198732567989999899
998767899987998654323456789943213467899878899986989789198764567896997679979965456789349653457897897789
949878999898919743212347899865454568998767778975695678987653478974323569899874397895498769567976745679
932989789789109854454458912976697679987856567894234567896532989765454698798765989996569898978965234569
931294695688998766565669909987989789896543458932145678987649898976567987679879879889789986799993145679
920123954367899877676789898999878998765432123792018799698899787899879876567998768778999765678989012389
921939893256798989789895797689767899654321012689129894569989656789998965478987656569998754565678954499
939898789345897699897934989598956898767434123478945923479878545678987864345696545479897653454789895679
999789688956996549976529876457847899879545234567896934698764324578976543212987632398765432173456789789
988678467898989698765434987321236789987666347878999899789943213679998654325986545679879821012345899899
976544379999878999897549896430345678998987456789987678999899934798999875434987656789998782123456789979
965423238998767895987698765421378789879998598999876567987677895987898976556799867996987654334567898769
943210167897656793499899877567567898767898789101995459876566989976557897967899978945499775675678987659
956332258999545989567998998678978977656899894292987698768454579865434569898998989435349889786789799879
987643345678934878978987899989989764545689979989999987654323569785323498789567698921234999897894599989
998757657899323467989976345699894323234679969879999898878457798654312346695454587890129432998923989899
959878768943214579899894299798743210123998756768898769989568899785601234589323456991298921099019878789
945989878994303499796789988999654561339877645457789656987689959899992945678904587989987892983198765679
932193999789212987675878976798769678459765432346678945398789543998789896989212399979876999874239654569
943012345679329876564567965679898789569654321334567931249898764987678789994325498767965898765398743479
954123457897435975423458954345939898698743210123498910139999999876545678986434987659876789876987654589
965236568976549876565567893239012999987654421234579992298789878965434569987895699799987894987898767699
954397878987656987876678932198923989998795434345689789987679867978556699998976899898798993499999878999
976568989198967898998789543987899879999896985456795678934578954989667989869987893945679889987898989899
989679993239878979769897659876798768899987876868934678921247893499979978954298932334598679996987696789
996989999345989567954998998765987657789999987979123499510156891239898767962109320123997568965699545999
965493878959999879893239029654398743556987898989094989321234789398767659899299932439876467894598939899
963212367898989998789199998763239432349876769898989879932345678999654345678989893499987898943987898789
954333459987978987678978899872134953498765656777976567894468899998765156989876789989998999659876987679
969854698995459896546656789999019894987654345456987689986589923989651067899765679878989999879765696569
978767987954398765432348895698998789998763234345699795697693219876543456789894569764476889998954987679
989879876543219897540156794997987678989832101287899894989992103987656567896543198953235679987893498789
990989998765101998631267899876523589976543212478997969875789312399767688999654987892123489876792579899
921299989954312397652578910995437689987654326567895459954678929469889799878967965689012368965789989969
936799767895423989543489991989598799998765587678932398765678998978999898969979876993223459854567891259
945998656799549878954599989878999899879987698799921239876789767899767997659896987895339598763489932349
959892345678998767995678979567898901965498789897895449989897656789656989434765698976598969872578993459
999761234567987656789899868444567899876989893956789598998954545678945678925654569989987654321256789769
987652775679876545699987654323499998989876932345699987896543234569234789210123456795398543210345678979
976543566795999876789996543212678987899654321456989876789432101478985695432357897943239698342456889989
987654679894598997899988742101589996798765410169878945999645212349976796593478989890198797657668998999
998765798943987898999876543323456965679876629298767934888954353498989897989599878791239899898778997879
939876987892986789679989654534567893498987998999859323767896554567895999878999767689345999999999896569
924989876799765434590198798678998921987899877899843212456987675678934988767898954579956789998787679389
913498765678954323989999899889579899876798766987655403567898786789329875454567893468897899987676568999
901987654567893212567890998995456789765987655498543214568999897998910954323479932756789929876545457899
919876743456995923456791296543346889654999943219655455679989998967891943212368921645689212985432378989
998765432345989894569892987432125678943899865398766676795679549656789872102357910135694329876545689569
959876210239876798678954976521013457895798765479887987896789421345679765212567891234569434987656789459
949977326549765989789965987642123456789899896567998998999896536556798764323458982355978945698767895349
998765434598654678999879876543257667897999997898999659578998797699899975434567975466789657789898993259
949886545987643489989989997664345899945989998989986543456789989987999876765678976677997969899999989349
932987976799742456979994298878478932129878989879874342347898975676889997898789987789456899989999878969
921298989897651349768789999989567891098769876568965101234987654345678998999894698994345678978987567899
932989593987542998657578899797678999129854364456893232345698543237767899987943579865234799569894345999
949876432399659876543456798698789998949767213365789354467987656128458999876542198756123965498765269899
998765431298767997652348897549999987899875301234899765579999767012345999987643298743234899329877898789
919954320359879998321235989321019896999984322365999876989999643123456789898765987654355678934998987679
939896541245998986410345678932198765689995434456799988999898994234569898799876998975767899656899896569
998789654356987654321556789658987654329876576567899999998756789545679997656989899987989999867898785439
987678967767899867498787898967999876212987677678998999896545797656789898547998789999399989978987654329
954567899878999878569898967899867985323498988989657789765434598798898754239999678943219878989699876439
923456789999989987679989459999659876436569299694345691987546789929949895678986569764398767494568987659
912345899234578998799878998898943987847890196543236910198678999210123989789976458978999854323456798769
923656998945789239898759876767892498958999987665135891298789878921249878998765367899998765212367899879
954567896899890123999542985458921349769998998954056789349896567894398769876543246799987872101239967989
976878935788992345698959876999765498999997899843123895456945456965987656997653125678996543232456954599
997989323456889659987698989878987997689876987654235789999432347899876741986532024699987655343677895689
998993212345678998996546798767899886578995798775676789878901256798765830197653135789298789469788976799
939765323456789457987534987656989765459864679886787898767892367989894321239843234892129898978899989899
929876454567896599876545798749876543249853589997998997656989459879989434398765347943435987899999999909
912987565698987987987659899898765432198764699998999889545678998765878946469876456796549876789998898919
923498696989999976598779965939876554249765678959998765434569987654567896567987897897698875679987687899
935679989878989895419889874329989665659876789345987654325678998543456997878998998998987654567896576799
976789876764876789323999989498998796778989893234598765546789987432346789989769899449998543469965455689
998998785543455689435678998987999987889697932125899889656899876641456999997656789324997101578954334779
919987654431234599567899987656789698996545793236799998787998765432345899876545679439876212389973125569
901976543210123678979910198347894569987656789545689549898999876545456789987656789545985345678981012459
999999999999999999999999999999999999999999999999999999999999999999999999999999999999999999999999999999